isoeTauConvCut.txt - alETau.txt
----------------------------------------------------------------------------------------------------
set([5144,
     13679,
     15340,
     22468,
     30574,
     32306,
     39219,
     45140,
     50763,
     52156,
     87725,
     94172,
     99777,
     107083,
     113252,
     115219,
     124987,
     128934,
     142561,
     144922,
     145144,
     146796,
     152835,
     154221,
     188208,
     200080,
     222987,
     223532,
     224313,
     226205,
     237046,
     242215,
     252317,
     255491,
     256140,
     275876,
     287265,
     293847,
     308149,
     314441,
     319077,
     331255,
     338393,
     343459,
     373718,
     392225,
     404460,
     404829,
     414900,
     415541,
     426521,
     441271,
     441949,
     446971,
     450758,
     455313,
     457568,
     457754,
     474226,
     475078,
     481978,
     489522,
     491715,
     495255,
     498017,
     504509,
     510148,
     522647,
     527107,
     547211,
     558477,
     559163,
     569939,
     573982,
     578665,
     583343,
     587774,
     595620,
     601730,
     604102,
     616079,
     622069,
     627866,
     629724,
     642290,
     649907,
     654795,
     656896,
     676084,
     676956,
     680170,
     680832,
     684832,
     697155,
     705820,
     706526,
     710197,
     729246,
     730849,
     740375,
     744912,
     751961,
     753094,
     765960,
     772465,
     780007,
     793822,
     795665,
     802507,
     803028,
     817249,
     832044,
     835491,
     845318,
     846381,
     867541,
     882002,
     892983,
     902926,
     924147,
     937710,
     938964,
     940076,
     940517,
     946110,
     947463,
     950788,
     951323,
     952324,
     953092,
     964913,
     966355,
     971195,
     977554,
     977764,
     984161,
     985036,
     986500,
     988036,
     988132,
     994272])


alETau.txt - isoeTauConvCut.txt
set([3236,
     21243,
     26948,
     33412,
     43534,
     49460,
     54714,
     57589,
     57628,
     71607,
     94733,
     102639,
     112966,
     114369,
     114767,
     122141,
     123718,
     147035,
     148399,
     168219,
     173229,
     177996,
     181901,
     189732,
     207111,
     210427,
     232816,
     252032,
     265310,
     268642,
     269288,
     286121,
     291809,
     303716,
     318266,
     334586,
     350100,
     358509,
     376065,
     384022,
     440720,
     453829,
     455894,
     488998,
     497515,
     524374,
     536072,
     542436,
     543797,
     550488,
     559791,
     575617,
     629176,
     637791,
     662352,
     666033,
     685865,
     687394,
     693946,
     694912,
     708191,
     712131,
     732262,
     814295,
     859996,
     875023,
     917492,
     918856,
     922998,
     934382,
     936722,
     958732,
     991376,
     996143])
